100053 0
100090 0
100122 0
100295 0
100428 0
100434 0
100444 0
100458 0
100479 0
100571 0
100672 0
100724 0
100727 0
100852 0
100867 0
101061 0
101092 0
101164 0
101247 0
101251 0
101290 0
101291 0
101325 0
101502 0
100134 1
100143 1
100237 1
100263 1
100322 1
100335 1
100380 1
100382 1
100445 1
100474 1
100513 1
100520 1
100561 1
100673 1
100765 1
100801 1
100813 1
100821 1
100859 1
100894 1
100951 1
101007 1
101074 1
101133 1
101140 1
101181 1
101232 1
101239 1
101244 1
101275 1
101298 1
101307 1
101315 1
101374 1
101427 1
101501 1
